image: cartographer.pgm
resolution: 0.050000
origin: [-6.458150, -9.050185, 0.000000]
negate: 0
occupied_thresh: 0.65
free_thresh: 0.196

